4294967278,282
4294967293,131
4294967293,130
4294967293,129
4294967293,128
4294967293,127
4294967293,126
4294967293,125
4294967293,124
4294967293,123
4294967293,122
4294967293,121
4294967293,120
4294967293,119
4294967293,118
4294967293,117
4294967293,116
4294967293,115
4294967293,114
4294967293,113
4294967293,112
4294967293,111
4294967293,110
4294967293,109
4294967293,108
4294967293,107
4294967293,106
4294967293,105
4294967293,104
4294967293,103
4294967293,102
4294967293,101
4294967293,100
4294967293,99
4294967293,98
4294967293,97
4294967293,96
4294967293,95
4294967293,94
4294967293,93
4294967293,92
4294967293,91
4294967293,90
4294967293,89
4294967293,88
4294967293,87
4294967293,86
4294967293,85
4294967293,84
4294967293,83
4294967293,82
4294967293,81
4294967293,80
4294967293,79
4294967293,78
4294967293,77
4294967293,76
4294967293,75
4294967293,74
4294967293,73
4294967293,72
4294967293,71
4294967293,70
4294967293,69
4294967293,68
4294967293,67
4294967293,66
4294967293,65
4294967293,64
4294967293,63
4294967293,62
4294967293,61
4294967293,60
4294967293,59
4294967293,58
4294967293,57
4294967293,56
4294967293,55
4294967293,54
4294967293,53
4294967293,52
4294967293,51
4294967293,50
4294967293,49
4294967293,48
4294967293,47
4294967293,46
4294967293,45
4294967293,44
4294967293,43
4294967293,42
4294967293,41
4294967293,40
4294967293,39
4294967293,38
4294967293,37
4294967293,36
4294967293,35
4294967293,34
4294967293,33
4294967293,32
4294967293,31
4294967293,30
4294967293,29
4294967293,28
4294967293,27
4294967293,26
4294967293,25
4294967293,24
4294967293,23
4294967293,22
4294967293,21
4294967293,20
4294967293,19
4294967293,18
4294967293,17
4294967293,16
4294967293,15
4294967293,14
4294967293,13
4294967293,12
4294967293,11
4294967293,10
4294967293,9
4294967293,8
4294967293,7
4294967293,6
4294967293,5
4294967293,4
4294967293,3
4294967293,2
4294501266,0
4294501265,0
4294501264,0
4294501263,0
4294501262,0
4294501261,0
4294501260,0
4294501259,0
4294501258,0
4294501257,0
4294967293,0
4294967294,466
4294967294,465
4294967294,462
4294967294,458
4294967294,456
4294967294,454
4294967294,452
4294967294,184
4294967294,183
4294967294,1311
4294967294,1310
4294967294,1309
4294967294,1308
4294967294,1307
4294967294,1306
4294967294,1305
4294967294,1304
4294967294,1303
4294967294,1302
4294967294,1301
4294967294,1300
4294967294,1299
4294967294,1298
4294967294,1297
4294967294,1296
4294967294,1295
4294967294,1294
4294967294,1293
4294967294,1292
4294967294,1291
4294967294,1290
4294967294,1289
4294967294,1288
4294967294,1287
4294967294,1286
4294967294,1285
4294967294,1284
4294967294,1283
4294967294,1282
4294967294,1281
4294967294,1280
4294967294,959
4294967294,958
4294967294,957
4294967294,956
4294967294,955
4294967294,954
4294967294,953
4294967294,952
4294967294,951
4294967294,950
4294967294,949
4294967294,948
4294967294,947
4294967294,946
4294967294,945
4294967294,944
4294967294,943
4294967294,942
4294967294,941
4294967294,940
4294967294,939
4294967294,938
4294967294,937
4294967294,936
4294967294,935
4294967294,934
4294967294,447
4294967294,446
4294967294,445
4294967294,424
4294967294,423
4294967294,420
4294967294,419
4294967294,416
4294967294,1119
4294967294,1118
4294967294,1117
4294967294,1116
4294967294,1115
4294967294,1114
4294967294,1113
4294967294,1112
4294967294,1111
4294967294,1110
4294967294,1109
4294967294,1108
4294967294,1107
4294967294,1106
4294967294,1105
4294967294,1104
4294967294,1103
4294967294,1102
4294967294,1101
4294967294,1100
4294967294,1099
4294967294,1098
4294967294,1097
4294967294,1096
4294967294,1095
4294967294,1094
4294967294,1093
4294967294,1092
4294967294,1091
4294967294,1090
4294967294,1089
4294967294,1088
4294967294,831
4294967294,828
4294967294,826
4294967294,825
4294967294,1183
4294967294,1182
4294967294,1181
4294967294,1180
4294967294,1179
4294967294,1178
4294967294,1177
4294967294,1176
4294967294,1175
4294967294,1174
4294967294,1173
4294967294,1172
4294967294,1171
4294967294,1170
4294967294,1169
4294967294,1168
4294967294,1167
4294967294,1166
4294967294,1165
4294967294,1164
4294967294,1163
4294967294,1162
4294967294,1161
4294967294,1160
4294967294,1159
4294967294,1158
4294967294,1157
4294967294,1156
4294967294,1155
4294967294,1154
4294967294,1153
4294967294,1152
4294967294,1215
4294967294,1214
4294967294,1213
4294967294,1212
4294967294,1211
4294967294,1210
4294967294,1209
4294967294,1208
4294967294,1207
4294967294,1206
4294967294,1205
4294967294,1204
4294967294,1203
4294967294,1202
4294967294,1201
4294967294,1200
4294967294,1199
4294967294,1198
4294967294,1197
4294967294,1196
4294967294,1195
4294967294,1194
4294967294,1193
4294967294,1192
4294967294,1191
4294967294,1190
4294967294,1189
4294967294,1188
4294967294,1187
4294967294,1186
4294967294,1185
4294967294,1184
4294967294,1375
4294967294,1374
4294967294,1373
4294967294,1372
4294967294,1371
4294967294,1370
4294967294,1369
4294967294,1368
4294967294,1367
4294967294,1366
4294967294,1365
4294967294,1364
4294967294,1363
4294967294,1362
4294967294,1361
4294967294,1360
4294967294,1359
4294967294,1358
4294967294,1357
4294967294,1356
4294967294,1355
4294967294,1354
4294967294,1353
4294967294,1352
4294967294,1351
4294967294,1350
4294967294,1349
4294967294,1348
4294967294,1347
4294967294,1346
4294967294,1345
4294967294,1344
4294967294,29
4294967294,28
4294967294,27
4294967294,26
4294967294,25
4294967294,9
4294967294,8
4294967294,5
4294967294,2
4294967294,1
4294967294,0
4294967294,1403
4294967294,1402
4294967294,1401
4294967294,1400
4294967294,1399
4294967294,1398
4294967294,1397
4294967294,1396
4294967294,1395
4294967294,1394
4294967294,1393
4294967294,1392
